Parameter Name, Flag, mean, error, errNeg, errPos
Parameter B+{K(1)(1270)+{rho(770)0{pi+,pi-},K+},gamma0}_Re Free 2.0731167 0.76218663 0.76218663 0.76218663      
Parameter B+{K(1)(1270)+{rho(770)0{pi+,pi-},K+},gamma0}_Im Free -0.97210379 0.75817546 0.75817546 0.75817546      
Parameter B+{K(2)*(1430)+{K*(892)0{K+,pi-},pi+},gamma0}_Re Free 1.2698282 0.46714181 0.46714181 0.46714181      
Parameter B+{K(2)*(1430)+{K*(892)0{K+,pi-},pi+},gamma0}_Im Free -2.0944975 0.75470065 0.75470065 0.75470065      
Parameter B+{K*(1410)+{K*(892)0{K+,pi-},pi+},gamma0}_Re Free 0.70649819 0.26412627 0.26412627 0.26412627      
Parameter B+{K*(1410)+{K*(892)0{K+,pi-},pi+},gamma0}_Im Free 2.8470605 0.75566383 0.75566383 0.75566383      
BLIND_Parameter polFrac Blind 2.31121 0.03198531 0.03198531 0.03198531      
FitQuality 0 0 7 -17784.75 1
FitFraction B+{K(1)(1270)+{rho(770)0{pi+,pi-},K+},gamma0} 0.53953956 0.0138903
FitFraction B+{K(2)*(1430)+{K*(892)0{K+,pi-},pi+},gamma0} 0.33187739 0.016358856
FitFraction B+{K*(1410)+{K*(892)0{K+,pi-},pi+},gamma0} 0.12594479 0.01400479
FitFraction Sum_B+ 0.99736174 0.00038927121

Covariance Matrix
0.58092846 -0.00029102322 0.35475222 -0.0002000415 0.19857811 -0.00050699894 8.8901045e-05 0 
-0.00029102322 0.57483003 0.00035573852 0.56815596 -0.00093387753 0.56758605 0.00013061947 0 
0.35475222 0.00035573852 0.21822147 0.00041136042 0.12088671 0.00043642012 3.7813446e-06 0 
-0.0002000415 0.56815596 0.00041136042 0.56957307 -0.0010491706 0.56848607 0.00017018134 0 
0.19857811 -0.00093387753 0.12088671 -0.0010491706 0.069762686 -0.0016784383 0.00013762134 0 
-0.00050699894 0.56758605 0.00043642012 0.56848607 -0.0016784383 0.57102783 -3.2374405e-06 0 
8.8901045e-05 0.00013061947 3.7813446e-06 0.00017018134 0.00013762134 -3.2374405e-06 0.0010230601 0 
0 0 0 0 0 0 0 0 
ParamsOrder: B+{K(1)(1270)+{rho(770)0{pi+,pi-},K+},gamma0}_Re Free B+{K(1)(1270)+{rho(770)0{pi+,pi-},K+},gamma0}_Im Free B+{K(2)*(1430)+{K*(892)0{K+,pi-},pi+},gamma0}_Re Free B+{K(2)*(1430)+{K*(892)0{K+,pi-},pi+},gamma0}_Im Free B+{K*(1410)+{K*(892)0{K+,pi-},pi+},gamma0}_Re Free B+{K*(1410)+{K*(892)0{K+,pi-},pi+},gamma0}_Im Free polFrac Blind polFrac_blind Fix 
End Log
