Parameter Name, Flag, mean, error, errNeg, errPos
Parameter B+{K(1)(1270)+{K*(892)0{K+,pi-},pi+},gamma0}_Re Fix 1 0 0 0      
Parameter B+{K(1)(1270)+{K*(892)0{K+,pi-},pi+},gamma0}_Im Fix 0 0 0 0      
Parameter B+{K(1)(1270)+{rho(770)0{pi+,pi-},K+},gamma0}_Re Free 2.2337636 0.47929994 0.47929994 0.47929994      
Parameter B+{K(1)(1270)+{rho(770)0{pi+,pi-},K+},gamma0}_Im Free -0.66828622 0.34810425 0.34810425 0.34810425      
Parameter B+{K(2)*(1430)+{K*(892)0{K+,pi-},pi+},gamma0}_Re Free 1.3992755 0.33990555 0.33990555 0.33990555      
Parameter B+{K(2)*(1430)+{K*(892)0{K+,pi-},pi+},gamma0}_Im Free -0.18772307 0.4897101 0.4897101 0.4897101      
Parameter B+{K*(1410)+{K*(892)0{K+,pi-},pi+},gamma0}_Re Free 0.7995047 0.22617397 0.22617397 0.22617397      
Parameter B+{K*(1410)+{K*(892)0{K+,pi-},pi+},gamma0}_Im Free -0.29635626 0.64461567 0.64461567 0.64461567      
FitQuality 0 0 7 -895.04025 0
FitFraction B+{K(1)(1270)+{rho(770)0{pi+,pi-},K+},gamma0} 0.44820088 0.061958198
FitFraction B+{K(2)*(1430)+{K*(892)0{K+,pi-},pi+},gamma0} 0.28834785 0.064231161
FitFraction B+{K(1)(1270)+{K*(892)0{K+,pi-},pi+},gamma0} 0.14416102 0.05179309
FitFraction B+{K*(1410)+{K*(892)0{K+,pi-},pi+},gamma0} 0.11540447 0.047085984
FitFraction Sum_B+ 0.99611423 0.024445909

Covariance Matrix
0 0 0 0 0 0 0 0 0 
0 0 0 0 0 0 0 0 0 
0 0 0.22972843 0.027639925 0.12547203 0.044182068 0.065122172 0.0075931393 5.2266228e+16 
0 0 0.027639925 0.12117657 0.031850361 0.085671501 0.0098151573 0.047812675 3.6315884e+16 
0 0 0.12547203 0.031850361 0.11553578 0.059236194 0.033928232 -0.0054166541 2.8823332e+16 
0 0 0.044182068 0.085671501 0.059236194 0.23981598 0.0023807766 -0.025567444 2.4812625e+16 
0 0 0.065122172 0.0098151573 0.033928232 0.0023807766 0.051154666 0.024983451 2.4587855e+16 
0 0 0.0075931393 0.047812675 -0.0054166541 -0.025567444 0.024983451 0.41552937 5.6675597e+16 
0 0 5.2266228e+16 3.6315884e+16 2.8823332e+16 2.4812625e+16 2.4587855e+16 5.6675597e+16 6.3053197e+42 
ParamsOrder: B+{K(1)(1270)+{K*(892)0{K+,pi-},pi+},gamma0}_Re Fix B+{K(1)(1270)+{K*(892)0{K+,pi-},pi+},gamma0}_Im Fix B+{K(1)(1270)+{rho(770)0{pi+,pi-},K+},gamma0}_Re Free B+{K(1)(1270)+{rho(770)0{pi+,pi-},K+},gamma0}_Im Free B+{K(2)*(1430)+{K*(892)0{K+,pi-},pi+},gamma0}_Re Free B+{K(2)*(1430)+{K*(892)0{K+,pi-},pi+},gamma0}_Im Free B+{K*(1410)+{K*(892)0{K+,pi-},pi+},gamma0}_Re Free B+{K*(1410)+{K*(892)0{K+,pi-},pi+},gamma0}_Im Free cRsq Blind 
End Log
